001	1	2	1
002	1	2	1
003	1	1	1
004	1	1	1
005	1	3	1
006	1	3	1
007	1	3	1
008	1	3	1
009	1	3	1
010	1	3	1
011	1	3	1
012	1	3	1
013	1	3	1
014	1	3	1
015	1	3	1
016	1	3	1
017	1	3	1
018	1	3	1
019	1	3	1
020	1	3	1
021	1	3	1
022	1	3	1
023	1	3	1
024	1	3	1
025	1	3	2
026	1	3	2
027	1	3	2
028	1	3	2
029	1	3	2
030	1	3	2
031	1	3	2
032	1	3	2
033	1	3	2
034	1	3	2
035	1	3	2
036	1	3	2
037	1	3	2
038	1	3	2
039	1	3	2
040	1	3	2
041	1	3	2
042	1	3	2
043	1	3	2
044	1	3	2
045	1	3	3
046	1	3	3
047	1	3	3
048	1	3	3
049	1	3	3
050	1	3	3
051	1	3	3
052	1	3	3
053	1	3	3
054	1	3	3
055	1	3	3
056	1	3	3
057	1	3	3
058	1	3	3
059	1	3	3
060	1	3	3
061	1	3	3
062	1	3	3
063	1	3	3
064	1	3	3
065	2	3	1
066	2	3	1
067	2	3	1
068	2	3	1
069	2	3	1
070	2	3	1
071	2	3	1
072	2	3	1
073	2	3	1
074	2	3	1
075	2	3	1
076	2	3	1
077	2	3	1
078	2	3	1
079	2	3	1
080	2	3	1
081	2	3	1
082	2	3	1
083	2	3	1
084	2	3	1
085	3	3	1
086	3	3	1
087	3	3	1
088	3	3	1
089	3	3	1
090	3	3	1
091	3	3	1
092	3	3	1
093	3	3	1
094	3	3	1
095	3	3	1
096	3	3	1
097	3	3	1
098	3	3	1
099	3	3	1
100	3	3	1
101	3	3	1
102	3	3	1
103	3	3	1
104	3	3	1
105	3	3	1
106	3	3	1
107	3	3	1
108	3	3	1
109	3	3	1
110	3	3	1
111	3	3	1
112	3	3	1
113	3	3	1
114	3	3	1
115	3	3	2
116	3	3	2
117	3	3	2
118	3	3	2
119	3	3	2
120	3	3	2
121	3	3	2
122	3	3	2
123	3	3	2
124	3	3	2
125	3	3	2
126	3	3	2
127	3	3	2
128	3	3	2
129	3	3	2
130	3	3	2
131	3	3	2
132	3	3	2
133	3	3	2
134	3	3	2
135	3	3	2
136	3	3	2
137	3	3	2
138	3	3	2
139	3	3	2
140	3	3	2
141	3	3	2
142	3	3	2
143	3	3	2
144	3	3	2
145	3	3	2
146	3	3	2
147	3	3	2
148	3	3	2
149	3	3	2
150	3	3	3
151	3	3	3
152	3	3	3
153	3	3	3
154	3	3	3
155	3	3	3
156	3	3	3
157	3	3	3
158	3	3	3
159	3	3	3
160	3	3	3
161	3	3	3
162	3	3	3
163	3	3	3
164	3	3	3
165	3	3	3
166	3	3	3
167	3	3	3
168	3	3	3
169	3	3	3
170	3	3	3
171	3	3	3
172	3	3	3
173	3	3	3
174	3	3	3
175	3	3	3
176	3	3	3
177	3	3	3
178	3	3	3
179	3	3	3
180	3	3	3
181	3	3	3
182	3	3	3
183	3	3	3
184	3	3	3
185	3	2	3
186	3	2	3
187	3	2	3
188	3	2	3
189	3	2	3
190	3	2	3
191	3	2	3
192	3	2	3
193	3	2	3
194	3	2	3
195	3	2	3
196	3	2	3
197	3	2	3
198	3	2	3
199	3	2	3
200	3	2	3
201	3	2	3
202	3	2	3
203	3	2	3
204	3	2	3
205	3	2	3
206	3	2	3
207	3	2	3
208	3	2	3
209	3	2	3
210	3	2	3
211	3	2	3
212	3	2	3
213	3	2	3
214	3	2	3
215	3	1	3
216	3	1	3
217	3	1	3
218	3	1	3
219	3	1	3
220	3	1	3
221	3	1	3
222	3	1	3
223	3	1	3
224	3	1	3
225	3	1	3
226	3	1	3
227	3	1	3
228	3	1	3
229	3	1	3
230	3	1	3
231	3	1	3
232	3	1	3
233	3	1	3
234	3	1	3
235	3	1	3
236	3	1	3
237	3	1	3
238	3	1	3
239	3	1	3
240	3	1	3
241	3	1	3
242	3	1	3
243	3	1	3
244	3	1	3
245	2	1	3
246	2	1	3
247	2	1	3
248	2	1	3
249	2	1	3
250	2	1	3
251	2	1	3
252	2	1	3
253	2	1	3
254	2	1	3
255	2	1	3
256	2	1	3
257	2	1	3
258	2	1	3
259	2	1	3
260	2	1	3
261	2	1	3
262	2	1	3
263	2	1	3
264	2	1	3
265	2	1	3
266	2	1	3
267	2	1	3
268	2	1	3
269	2	1	3
270	2	1	3
271	2	1	3
272	2	1	3
273	2	1	3
274	2	1	3
275	1	1	3
276	1	1	3
277	1	1	3
278	1	1	3
279	1	1	3
280	1	1	3
281	1	1	3
282	1	1	3
283	1	1	3
284	1	1	3
285	1	1	3
286	1	1	3
287	1	1	3
288	1	1	3
289	1	1	3
290	1	1	3
291	1	1	3
292	1	1	3
293	1	1	3
294	1	1	3
295	1	1	3
296	1	1	3
297	1	1	3
298	1	1	3
299	1	1	3
300	1	1	3
301	1	1	3
302	1	1	3
303	1	1	3
304	1	1	3
305	1	2	3
306	1	2	3
307	1	2	3
308	1	2	3
309	1	2	3
310	1	2	3
311	1	2	3
312	1	2	3
313	1	2	3
314	1	2	3
315	1	2	3
316	1	2	3
317	1	2	3
318	1	2	3
319	1	2	3
320	1	2	3
321	1	2	3
322	1	2	3
323	1	2	3
324	1	2	3
325	1	2	3
326	1	2	3
327	1	2	3
328	1	2	3
329	1	2	3
330	1	2	3
331	1	2	3
332	1	2	3
333	1	2	3
334	1	2	3
335	1	2	3
336	1	2	3
337	1	2	3
338	1	2	3
339	1	2	3
340	1	2	3
341	1	2	3
342	1	2	3
343	1	2	3
344	1	2	3
345	1	2	3
346	1	2	3
347	1	2	3
348	1	2	3
349	1	2	3
350	1	2	3
351	1	2	3
352	1	2	3
353	1	2	3
354	1	2	3
355	1	2	3
356	1	2	3
357	1	2	3
358	1	2	3
359	1	2	3
360	2	2	3
361	2	2	3
362	2	2	3
363	2	2	3
364	2	2	3
365	2	2	3
366	2	2	3
367	2	2	3
368	2	2	3
369	2	2	3
370	2	2	3
371	2	2	3
372	2	2	3
373	2	2	3
374	2	2	3
375	2	2	3
376	2	2	3
377	2	2	3
378	2	2	3
379	2	2	3
380	2	2	3
381	2	2	3
382	2	2	3
383	2	2	3
384	2	2	3
385	1	2	3
386	1	2	3
387	1	2	3
388	1	2	3
389	1	2	3
390	1	2	3
391	1	2	3
392	1	2	3
393	1	2	3
394	1	2	3
395	2	2	3
396	2	2	3
397	2	2	3
398	2	2	3
399	2	2	3
400	2	2	3
401	2	2	3
402	2	2	3
403	2	2	3
404	2	2	3
405	2	2	3
406	2	2	3
407	2	2	3
408	2	2	3
409	2	2	3
410	2	2	3
411	2	2	3
412	2	2	3
413	2	2	3
414	2	2	3
415	2	2	3
416	2	2	3
417	2	2	3
418	2	2	3
419	2	2	3
420	2	2	3
421	2	2	3
422	2	2	3
423	2	2	3
424	2	2	3
425	2	2	3
426	2	2	3
427	2	2	3
428	2	2	3
429	2	2	3
430	2	2	3
431	2	3	3
432	2	3	3
433	2	3	3
434	2	3	3
435	2	3	3
436	2	3	3
437	2	3	3
438	2	3	3
439	2	3	3
440	2	3	3
441	2	3	3
442	2	3	3
443	2	3	3
444	2	3	3
445	3	3	3
446	3	3	3
447	3	3	3
448	3	3	3
449	3	3	3
450	3	3	3
451	3	3	3
452	3	3	3
453	3	3	3
454	3	3	3
